0 0 0 0 0 0 0
0.017588 0 0 0 0 4761.2 0
0.035176 0 1120 0 3.9961 15096 0
0.052764 256.1 15775 0 36.298 25431 0
0.070352 633.76 30431 0 68.599 35765 0
0.08794 1003.2 45086 0 100.9 46100 0
0.10553 1319.6 61776 0 133.2 49884 0
0.12312 1636.1 81062 0 165.5 45310 0
0.1407 1952.5 1.0035e+05 0 197.81 40736 0
0.15829 2301.8 1.2048e+05 0 225.77 37091 0
0.17588 2668.1 1.4104e+05 0 251.49 33926 0
0.19347 3034.3 1.6161e+05 0 277.22 30761 0
0.21106 3327.4 1.9078e+05 0 301.5 29756 0
0.22864 3610.4 2.2114e+05 0 325.58 29049 0
0.24623 3889.4 2.5235e+05 0 349.44 28359 0
0.26382 4131.7 2.9126e+05 0 371.21 27826 0
0.28141 4374 3.3018e+05 0 392.98 27293 0
0.29899 4617.5 3.6854e+05 0 411.72 26971 0
0.31658 4863.5 4.057e+05 0 423.99 27102 0
0.33417 5070.9 4.4286e+05 0 436.26 27232 0
0.35176 5150.9 4.8129e+05 0 451.46 27583 0
0.36935 5230.9 5.2082e+05 0 469.18 28123 0
0.38693 5310.8 5.6034e+05 0 482.32 28663 0
0.40452 5369.6 6.0193e+05 0 489.9 29116 0
0.42211 5421.6 6.4419e+05 0 497.48 29540 0
0.4397 5473.7 6.8644e+05 0 505.06 29964 0
0.45729 5509.4 7.4915e+05 0 510.05 29642 0
0.47487 5544.8 8.1233e+05 0 514.98 29303 0
0.49246 5521.8 8.7476e+05 0 519.34 28963 0
0.51005 5491.6 9.3408e+05 0 521.35 28657 0
0.52764 5461.5 9.9339e+05 0 523.36 28383 0
0.54523 5431.4 1.0527e+06 0 525.37 28109 0
0.56281 5400.7 1.1111e+06 0 524.72 28331 0
0.5804 5349.7 1.169e+06 0 523.05 28745 0
0.59799 5298.7 1.1901e+06 0 521.37 29158 0
0.61558 5247.7 1.1901e+06 0 519.69 29077 0
0.63317 5196.7 1.1901e+06 0 515.7 28965 0
0.65075 5106.6 1.1711e+06 0 509.82 28854 0
0.66834 5010 1.1489e+06 0 503.94 28624 0
0.68593 4913.3 1.1268e+06 0 498.15 28259 0
0.70352 4810.4 1.0804e+06 0 493.45 27737 0
0.72111 4697.4 9.9468e+05 0 488.74 26959 0
0.73869 4584.3 9.0896e+05 0 484.04 26181 0
0.75628 4475.7 8.174e+05 0 479.33 25438 0
0.77387 4370 7.2197e+05 0 477.23 24720 0
0.79146 4264.3 6.2654e+05 0 475.4 24002 0
0.80905 4164.2 5.4674e+05 0 473.56 23158 0
0.82663 4065.4 4.7037e+05 0 469.94 22286 0
0.84422 3966 3.9506e+05 0 463.96 21425 0
0.86181 3855.8 3.453e+05 0 458.56 20829 0
0.8794 3745.6 2.9554e+05 0 454.27 20234 0
0.89698 3633.4 2.516e+05 0 449.99 19650 0
0.91457 3515.5 2.2425e+05 0 445.7 19101 0
0.93216 3397.6 1.969e+05 0 441.42 18551 0
0.94975 3284.8 1.7462e+05 0 437.13 18101 0
0.96734 3177.5 1.5786e+05 0 432.85 17759 0
0.98492 3070.1 1.411e+05 0 429.05 17416 0
1.0025 2969.5 1.2946e+05 0 426 16924 0
1.0201 2871.7 1.2003e+05 0 422.96 16367 0
1.0377 2774 1.1059e+05 0 419.91 15810 0
1.0553 2684.3 1.0362e+05 0 416.87 15362 0
1.0729 2595.3 96872 0 413.82 14925 0
1.0905 2509 90331 0 409.75 14501 0
1.108 2439 85100 0 405.47 14162 0
1.1256 2369.1 79869 0 401.19 13823 0
1.1432 2293.8 75161 0 396.91 13428 0
1.1608 2208.9 71393 0 392.64 12931 0
1.1784 2124 67625 0 388.36 12434 0
1.196 2060.1 64315 0 384.75 12157 0
1.2136 2011.5 61339 0 381.62 12041 0
1.2312 1962.8 58363 0 378.49 11924 0
1.2487 1909.7 55880 0 375.36 11554 0
1.2663 1855.5 53522 0 372.24 11120 0
1.2839 1801.5 51176 0 368.82 10688 0
1.3015 1759.6 49528 0 365.29 10451 0
1.3191 1717.6 47881 0 361.77 10213 0
1.3367 1678.1 46220 0 357.31 9975.8 0
1.3543 1646.7 44517 0 352.79 9637.7 0
1.3719 1615.3 42814 0 348.27 9214.4 0
1.3894 1583.9 41330 0 343.75 8852.4 0
1.407 1546.4 40105 0 342.68 8563.4 0
1.4246 1507 38881 0 342.68 8274.3 0
1.4422 1475.3 37657 0 342.68 8077.6 0
1.4598 1447.3 36609 0 337.92 7925.2 0
1.4774 1419.2 35564 0 333.06 7772.8 0
1.495 1398.4 34475 0 328.35 7615.3 0
1.5126 1378.3 33206 0 324.18 7437.1 0
1.5302 1358.8 31937 0 320.07 7258.9 0
1.5477 1343.4 30897 0 316.44 7044.3 0
1.5653 1328 30170 0 312.81 6779.4 0
1.5829 1312.6 29443 0 309.18 6594.9 0
1.6005 1291.1 28381 0 306.93 6569.7 0
1.6181 1269.5 27129 0 305.46 6544.4 0
1.6357 1257.5 26405 0 303.99 6519.1 0
1.6533 1245.5 26104 0 301.3 6275.2 0
1.6709 1233.4 25803 0 298.41 5995.7 0
1.6884 1221.6 25460 0 295.53 5875.3 0
1.706 1212.4 24639 0 292.74 5801.1 0
1.7236 1203.1 23818 0 289.95 5726.9 0
1.7412 1193.8 23112 0 287.16 5652.8 0
1.7588 1181.9 22676 0 284.36 5517.9 0
1.7764 1168.5 22240 0 282.02 5343.3 0
1.794 1155 21764 0 279.72 5208.1 0
1.8116 1141.7 21251 0 277.42 5109.5 0
1.8291 1129.4 20738 0 275.13 5010.9 0
1.8467 1117.2 20389 0 272.75 4916.5 0
1.8643 1104.9 20097 0 268.65 4823.6 0
1.8819 1092.7 19805 0 264.56 4730.8 0
1.8995 1081.5 19305 0 260.46 4646.8 0
1.9171 1073.2 18795 0 257.3 4587.7 0
1.9347 1065 18286 0 254.84 4509.6 0
1.9523 1056.8 17858 0 252.38 4343.8 0
1.9698 1047.9 17518 0 249.98 4178 0
1.9874 1038.9 17261 0 247.58 4078.2 0
2.005 1029.9 17129 0 245.19 4078.2 0
2.0226 1020.9 16997 0 242.86 4078.2 0
2.0402 1011.9 16866 0 240.53 4049.6 0
2.0578 1002.9 16708 0 238.15 4003.4 0
2.0754 993.84 16548 0 235.59 3957.3 0
2.093 984.83 16356 0 233.03 3902.2 0
2.1106 975.82 15974 0 230.47 3793.4 0
2.1281 967.66 15592 0 227.92 3684.7 0
2.1457 959.78 15218 0 225.12 3602.8 0
2.1633 951.9 14861 0 221.92 3568.5 0
2.1809 944.03 14504 0 218.72 3534.1 0
2.1985 936.15 14236 0 216.77 3500.3 0
2.2161 928.35 14033 0 215.73 3466.9 0
2.2337 920.55 13829 0 214.69 3433.4 0
2.2513 912.75 13684 0 212.85 3314.7 0
2.2688 904.96 13553 0 210.81 3174.8 0
2.2864 897.16 13421 0 208.75 3036.3 0
2.304 889.37 13231 0 205.62 2965.6 0
2.3216 881.76 13041 0 202.49 2894.8 0
2.3392 874.25 12861 0 199.35 2843.8 0
2.3568 866.74 12715 0 196.91 2854.8 0
2.3744 859.24 12569 0 195.04 2865.8 0
2.392 851.73 12423 0 193.17 2876.8 0
2.4095 844.22 12254 0 191.31 2759.5 0
2.4271 836.72 12079 0 189.13 2602.7 0
2.4447 829.21 11904 0 186.44 2530.6 0
2.4623 822.97 11790 0 183.74 2498.2 0
2.4799 816.75 11676 0 181.3 2466.6 0
2.4975 810.53 11571 0 179.01 2435.6 0
2.5151 804.31 11498 0 176.73 2404.5 0
2.5327 798.09 11426 0 174.44 2373.4 0
2.5503 791.87 11371 0 172.73 2336.8 0
2.5678 785.49 11317 0 171.79 2292.6 0
2.5854 774.36 11209 0 170.85 2248.5 0
2.603 763.23 10997 0 169.91 2214.5 0
2.6206 753.13 10786 0 168.97 2186.2 0
2.6382 746.05 10739 0 167.38 2166.1 0
2.6558 738.98 10822 0 165.27 2152.3 0
2.6734 731.9 10906 0 163.16 2138.5 0
2.691 724.82 10969 0 161.06 2124.7 0
2.7085 717.74 10804 0 159.04 2105.9 0
2.7261 710.89 10639 0 157.18 2079.1 0
2.7437 704.13 10474 0 155.32 2037.6 0
2.7613 697.38 10386 0 153.46 1962.3 0
2.7789 690.62 10346 0 151.6 1887.1 0
2.7965 683.33 10307 0 149.74 1828.6 0
2.8141 675.54 10267 0 148.02 1785.5 0
2.8317 667.76 10227 0 146.33 1742.4 0
2.8492 660.04 10188 0 144.64 1713.1 0
2.8668 653.81 10148 0 143.06 1688.6 0
2.8844 647.58 10107 0 141.71 1664.1 0
2.902 641.34 10064 0 140.35 1618.7 0
2.9196 635.11 10021 0 139 1572.5 0
2.9372 626 9978.2 0 137.77 1532.1 0
2.9548 616.48 9935.4 0 137.11 1517.5 0
2.9724 606.96 9892.6 0 136.45 1503 0
2.9899 598.68 9836.9 0 135.05 1503.7 0
3.0075 592.24 9761.9 0 132.53 1527.4 0
3.0251 585.8 9686.9 0 130.01 1551 0
3.0427 579.35 9611.9 0 127.49 1574.7 0
3.0603 572.91 9521.8 0 125.28 1510.6 0
3.0779 565.85 9430.5 0 124.09 1439.6 0
3.0955 558.27 9352.6 0 122.89 1380.9 0
3.1131 550.69 9352.6 0 122.24 1394.3 0
3.1307 543.1 9352.6 0 122.24 1407.8 0
3.1482 535.52 9352.6 0 120.85 1401.9 0
3.1658 528.61 9352.6 0 117.06 1362.6 0
3.1834 522.03 9345.4 0 113.26 1323.3 0
3.201 515.46 9319.8 0 109.46 1279.4 0
3.2186 508.88 9294.3 0 105.67 1232.3 0
3.2362 502.31 9268.7 0 101.87 1185.2 0
3.2538 495.73 9243.1 0 98.078 1143.2 0
3.2714 489.05 9197.2 0 94.283 1143.2 0
3.2889 482.22 9122.5 0 90.488 1143.2 0
3.3065 475.39 9047.9 0 86.692 1143.2 0
3.3241 468.57 8973.2 0 82.897 1143.2 0
3.3417 461.74 8898.6 0 79.101 1097.4 0
3.3593 454.91 8864.9 0 75.306 1048.6 0
3.3769 449.07 8864.9 0 71.51 999.74 0
3.3945 443.39 8905.1 0 67.715 987.18 0
3.4121 437.72 8991.6 0 63.92 1016.5 0
3.4296 432.04 9078.1 0 60.124 1045.8 0
3.4472 426.17 9046.3 0 56.329 1031.8 0
3.4648 420.19 8959.8 0 52.533 997.85 0
3.4824 414.22 8873.3 0 48.738 963.91 0
3.5 408.25 8808.2 0 44.942 954.04 0
